X163751742 2274862853 3385973964 4496184175 5517295286
X381373672 2492484783 3513595894 4624616915 5735727126
X136511328 3247622439 4358733541 5469844652 6571955763
X694931569 4715142671 5826253782 6937364893 7148475914
X463417111 8574528222 9685639333 1796741444 2817852555
X319128137 2421239248 3532341359 4643452461 5754563572
X359912421 2461123532 3572234643 4683345754 5794456865
X125421639 4236532741 5347643852 6458754963 7569865174
X293138521 2314249632 3425351743 4536462854 5647573965
X311944581 3422155692 4533266713 5644377824 6755488935

X274862853 3385973964 4496184175 5517295286 6628316397
X492484783 3513595894 4624616915 5735727126 6846838237
XXX7622439 4358733541 5469844652 6571955763 7682166874
47XX142671 5826253782 6937364893 7148475914 8259586125
857X528222 9685639333 1796741444 2817852555 3928963666
242X239248 3532341359 4643452461 5754563572 6865674683
246XXXXXXX 3572234643 4683345754 5794456865 6815567976
423653274X 5347643852 6458754963 7569865174 8671976285
231424963X XXX5351743 4536462854 5647573965 6758684176
3422155692 45XXX66713 5644377824 6755488935 7866599146

3385973964 4496X84175 5517295286 6628316397 7739427418
3513595894 4624XX6915 5735727126 6846838237 7957949348
4358733541 54698XX652 6571955763 7682166874 8793277985
5826253782 693736X893 7148475914 8259586125 9361697236
9685639333 179674X444 2817852555 3928963666 4139174777
3532341359 464345XXXX 5754563572 6865674683 7976785794
3572234643 468334575X 5794456865 6815567976 7926678187
5347643852 645875496X 7569865174 8671976285 9782187396
3425351743 453646285X XXX7573965 6758684176 7869795287

4533266713 5644377824 67XXX88935 7866599146 8977611257
4496184175 5517295286 6628XXXX97 7739427418 8841538529
4624616915 5735727126 6846838X37 7957949348 8168151459
5469844652 6571955763 7682166X74 8793277985 9814388196
6937364893 7148475914 8259586XXX 9361697236 1472718347
1796741444 2817852555 392896366X XXX9174777 5241285888
4643452461 5754563572 6865674683 79X6785794 8187896815
4683345754 5794456865 6815567976 79XX678187 8137789298
6458754963 7569865174 8671976285 978XX87396 1893298417
4536462854 5647573965 6758684176 7869X95287 8971816398

5644377824 6755488935 7866599146 8977XXXX57 9188722368
5517295286 6628316397 7739427418 8841538X29 9952649631
5735727126 6846838237 7957949348 8168151X59 9279262561
6571955763 7682166874 8793277985 9814388X96 1925499217
7148475914 8259586125 9361697236 1472718XXX XX83829458
2817852555 3928963666 4139174777 5241285888 6X52396999
5754563572 6865674683 7976785794 8187896815 9X98917926
5794456865 6815567976 7926678187 8137789298 9XX8891319
7569865174 8671976285 9782187396 1893298417 29XXXX9528
5647573965 6758684176 7869795287 8971816398 91829X7419
6755488935 7866599146 8977611257 9188722368 12998XXXXX